48 39 30 157 99 33 39 194 211 194
75 77 39 138 33 42 45 167 228 167
34 22 99 168 44 23 34 281 224 281
27 45 28 463 64 22 34 392 1389 392
67 23 84 176 99 17 54 173 304 173
94 95 98 98 37 95 34 160 142 160
33 49 99 118 37 48 34 122 186 122
184 183 196 926 240 120 152 1034 2052 1034
194 167 281 392 173 160 122 455 632 455
378 350 477 1318 413 280 274 1489 2684 1489
10 34 37 81
40 17 34 91
50 51 71 172
10 34 37 81
40 17 34 91
50 51 71 10
5 7 11 22 -1
234 0 5 16 -2
8 227 14 13 32
5 10 20 100 -10
33 15 13 11 200
